[ 0.11076326  0.12855602  0.14920141  0.17315483  0.20094375  0.23317881
  0.27056669  0.31392474  0.36419777  0.42247719  0.49002272  0.56828699
  0.65894323  0.7639164   0.8854177   1.02598284  1.1885138   1.37632397
  1.59318616  1.84338258  2.13175544  2.46375619  2.84549058  3.28375561
  3.7860635   4.36064608  5.01643171  5.76298534  6.61040071  7.5691331
  8.64976095  9.86266591 11.21762445 12.72330979 14.38671218 16.21249688
 18.20233398 20.35424914 22.66205808 25.11495695 27.69734087 30.38891267
 33.16512007 35.99792488 38.85686652 41.71034108 44.52698506 47.27703706
 49.93355363 52.47337833 54.87779864 57.13286757 59.22940665 61.16273802
 62.93221271 64.54060851 65.99346699 67.29842824 68.46460728 69.50204087
 70.42122003 71.23271257 71.94687228 72.57362629 73.12232971 73.60167557
 74.01964875 74.38351338 74.69982478 74.97445855 75.21265083 75.41904519
 75.59774257 75.7523519  75.88603953 76.00157628 76.10138149 76.1875636
 76.2619571  76.32615588 76.38154311 76.42931789 76.47051879 76.50604468
 76.53667298 76.56307572 76.58583352 76.60544783 76.62235155 76.63691833
 76.64947051 76.6602862  76.66960523 76.67763442 76.68455207 76.6905119
 76.69564641 76.70006981 76.70388051 76.70716333 76.70999136 76.71242759
 76.71452626 76.71633414 76.7178915  76.71923306 76.72038871 76.72138421
 76.72224175 76.72298045 76.72361677 76.7241649  76.72463706 76.72504379
 76.72539414 76.72569594 76.7259559  76.72617984 76.72637274 76.7265389
 76.72668203 76.72680533 76.72691153 76.72700302 76.72708182 76.7271497
 76.72720818 76.72725854 76.72730193 76.72733931 76.7273715  76.72739923
 76.72742312 76.7274437  76.72746142 76.72747669 76.72748984 76.72750117
 76.72751093 76.72751933 76.72752658]