[1.77927616e-02 1.92190732e-02 2.22994046e-02 2.58711709e-02
 3.00119908e-02 3.48114705e-02 4.03729610e-02 4.68155385e-02
 5.42762279e-02 6.29124778e-02 7.29048984e-02 8.44602554e-02
 9.78147055e-02 1.13237233e-01 1.31033220e-01 1.51548048e-01
 1.75170564e-01 2.02336182e-01 2.33529306e-01 2.69284639e-01
 3.10186807e-01 3.56867571e-01 4.09999709e-01 4.70286461e-01
 5.38445232e-01 6.15184104e-01 7.01169634e-01 7.96984498e-01
 9.03073876e-01 1.01968012e+00 1.14676641e+00 1.28393175e+00
 1.43032194e+00 1.58454387e+00 1.74459354e+00 1.90781090e+00
 2.07087613e+00 2.22986205e+00 2.38035391e+00 2.51764139e+00
 2.63697786e+00 2.73388960e+00 2.80450610e+00 2.84587323e+00
 2.85620810e+00 2.83505927e+00 2.78334799e+00 2.70328428e+00
 2.59817063e+00 2.47212250e+00 2.32974462e+00 2.17580401e+00
 2.01493522e+00 1.85140303e+00 1.68893525e+00 1.53062714e+00
 1.37890987e+00 1.23557015e+00 1.10180632e+00 9.78306375e-01
 8.65335849e-01 7.62826124e-01 6.70456861e-01 5.87728715e-01
 5.14024637e-01 4.48659521e-01 3.90918907e-01 3.40088016e-01
 2.95472584e-01 2.56413024e-01 2.22293318e-01 1.92545868e-01
 1.66653358e-01 1.44148481e-01 1.24612186e-01 1.07670979e-01
 9.29936636e-02 8.02878074e-02 6.92961370e-02 5.97930026e-02
 5.15810051e-02 4.44878410e-02 3.83633953e-02 3.30770948e-02
 2.85155204e-02 2.45802696e-02 2.11860545e-02 1.82590180e-02
 1.57352491e-02 1.35594792e-02 1.16839390e-02 1.00673609e-02
 8.67410813e-03 7.47341742e-03 6.43874031e-03 5.54717162e-03
 4.77895388e-03 4.11704800e-03 3.54676164e-03 3.05542782e-03
 2.63212704e-03 2.26744717e-03 1.95327613e-03 1.68262284e-03
 1.44946271e-03 1.24860435e-03 1.07557453e-03 9.26519035e-04
 7.98117073e-04 6.87507588e-04 5.92225657e-04 5.10147699e-04
 4.39444239e-04 3.78539208e-04 3.26074862e-04 2.80881549e-04
 2.41951671e-04 2.08417234e-04 1.79530514e-04 1.54647397e-04
 1.33213026e-04 1.14749431e-04 9.88448841e-05 8.51447122e-05
 7.33433973e-05 6.31777621e-05 5.44211038e-05 4.68781389e-05
 4.03806492e-05 3.47837309e-05 2.99625637e-05 2.58096269e-05
 2.22323022e-05 1.91508084e-05 1.64964218e-05 1.42099440e-05
 1.22403816e-05 1.05438088e-05 9.08238849e-06 7.82352743e-06
 7.24096597e-06]