[-0.07570762 -0.06926879 -0.06282996 -0.05639113 -0.0499523  -0.04351347
 -0.03707464 -0.03063581 -0.02419699 -0.01775816 -0.01131933 -0.0048805
  0.00155833  0.00799716  0.01443599  0.02087482  0.02731364  0.03375247
  0.0401913   0.04663013  0.05306896  0.05950779  0.06594662  0.07238545
  0.07882428  0.0852631   0.09170193  0.09814076  0.10457959  0.11101842
  0.11745725  0.12389608  0.13033491  0.13677374  0.14321256  0.14965139
  0.15609022  0.16252905  0.16896788  0.17540671  0.18184554  0.18828437
  0.19472319  0.20116202  0.20760085  0.21403968  0.22047851  0.22691734
  0.23335617  0.239795    0.24623383  0.25267265  0.25911148  0.26555031
  0.27198914  0.27842797  0.2848668   0.29130563  0.29774446  0.30418329
  0.31062211  0.31706094  0.32349977  0.3299386   0.33637743  0.34281626
  0.34925509  0.35569392  0.36213274  0.36857157  0.3750104 ]