[-3.10862447e-15  4.45926107e-05  3.98186832e-05  2.33803979e-05
  5.96375836e-06  2.22044605e-16  1.88749767e-05  3.75078351e-05
 -4.44089210e-16 -1.58653259e-04 -3.75583090e-04 -6.04854233e-04
 -8.34980945e-04 -1.06130926e-03 -1.27985728e-03 -1.48498970e-03
 -1.66643015e-03 -1.80177529e-03 -1.83104259e-03 -1.54037564e-03
  1.11022302e-15  4.08004661e-03  9.40993412e-03  1.50600305e-02
  2.08166441e-02  2.66199956e-02  3.24479456e-02  3.82905674e-02
  4.41426159e-02  5.00000000e-02  5.58593231e-02  6.17223050e-02
  6.75908282e-02  7.34664990e-02  7.93520865e-02  8.52530178e-02
  9.11809547e-02  9.71653745e-02  1.03303956e-01  1.10000000e-01
  1.17838716e-01  1.26464399e-01  1.36174967e-01  1.50000000e-01
  1.71991546e-01  1.95746175e-01  2.10000000e-01  2.02970700e-01
  1.85727814e-01  1.66747788e-01  1.50000000e-01  1.39226509e-01
  1.33585302e-01  1.37614371e-01  1.80000000e-01  2.96326149e-01
  4.10000000e-01  4.43683680e-01  4.36470202e-01  4.19940296e-01
  4.02159983e-01  3.90000000e-01  3.91111262e-01  3.98730139e-01
  4.07923460e-01  4.17611721e-01  4.27569529e-01  4.37962513e-01
  4.50000000e-01  4.65244454e-01  4.80678743e-01  4.90000000e-01
  4.86144223e-01  4.76720206e-01  4.70000000e-01  4.71623900e-01
  4.76761355e-01  4.80000000e-01  4.77594586e-01  4.72371501e-01
  4.66408065e-01  4.60000000e-01  4.53051508e-01  4.46056878e-01
  4.40000000e-01  4.36001129e-01  4.33012277e-01  4.30272714e-01
  4.27609115e-01  4.24973119e-01  4.22345742e-01  4.19716056e-01
  4.17073706e-01  4.14402874e-01  4.11669975e-01  4.08782605e-01
  4.05399127e-01  4.00000000e-01  3.90525753e-01  3.79492278e-01
  3.70000000e-01  3.64577267e-01  3.61407713e-01  3.60000000e-01
  3.61021769e-01  3.60000000e-01  3.51928325e-01  3.40498091e-01
  3.28898717e-01  3.20000000e-01  3.16984566e-01  3.15741125e-01
  3.10000000e-01  2.93775245e-01  2.72470376e-01  2.50159097e-01
  2.28349389e-01  2.10000000e-01  1.98963860e-01  1.91476761e-01
  1.84777705e-01  1.78093430e-01  1.70685038e-01  1.60000000e-01
  1.42561301e-01  1.21873089e-01  1.00593967e-01  8.00000000e-02
  6.12313820e-02  4.34078689e-02  2.59218828e-02  8.79742189e-03
 -7.39187989e-03 -2.00000000e-02 -2.53434255e-02 -2.71124739e-02
 -2.79664353e-02 -2.85170048e-02 -2.89355903e-02 -2.92858870e-02]