[ 5.54748488  7.15904548  9.10000509 11.36166766 13.89769051 16.62171691
 19.41586763 22.14965883 24.70348355 26.98814257 28.95421416 30.59041276
 31.91456372 32.96215558 33.77618125 34.39992228 34.87275152 35.22827029
 35.49394792 35.69157833 35.83808879 35.94642733 36.02638925 36.0853255
 36.1287204  36.16064817 36.18412603 36.20138328 36.21406433 36.22338063
 36.23022387 36.23524994 36.23894105 36.2416516  36.24364199 36.24510351
 36.24617666 36.24696462 36.24754318 36.24796798 36.24827988 36.24850889
 36.24867703 36.24880048 36.24889112 36.24895768 36.24900654 36.24904242
 36.24906876 36.2490881  36.2491023  36.24911272 36.24912038 36.249126
 36.24913012 36.24913315 36.24913538 36.24913701 36.24913821 36.24913909
 36.24913974 36.24914021 36.24914056 36.24914082 36.249141   36.24914114
 36.24914124 36.24914132 36.24914137 36.24914141 36.24914144 36.24914146
 36.24914148 36.24914149 36.2491415  36.24914151 36.24914151 36.24914151
 36.24914152 36.24914152 36.24914152 36.24914152 36.24914152 36.24914152
 36.24914152 36.24914152 36.24914152 36.24914152 36.24914152 36.24914152
 36.24914152 36.24914152 36.24914152 36.24914152 36.24914152 36.24914152
 36.24914152 36.24914152 36.24914152 36.24914152 36.24914152 36.24914152
 36.24914152 36.24914152 36.24914152 36.24914152 36.24914152 36.24914152
 36.24914152 36.24914152 36.24914152 36.24914152 36.24914152 36.24914152
 36.24914152 36.24914152 36.24914152 36.24914152 36.24914152 36.24914152
 36.24914152 36.24914152 36.24914152 36.24914152 36.24914152 36.24914152
 36.24914152 36.24914152 36.24914152 36.24914152 36.24914152 36.24914152
 36.24914152 36.24914152 36.24914152 36.24914152 36.24914152 36.24914152
 36.24914152 36.24914152 36.24914152]