[0.17347147 0.17261287 0.17175426 0.17089566 0.17003705 0.16917845
 0.16831985 0.16746124 0.16660264 0.16574403 0.16488543 0.16402682
 0.16316822 0.16230962 0.16145101 0.16059241 0.1597338  0.1588752
 0.15801659 0.15715799 0.15629939 0.15544078 0.15458218 0.15372357
 0.15286497 0.15200637 0.15114776 0.15028916 0.14943055 0.14857195
 0.14771334 0.14685474 0.14599614 0.14513753 0.14427893 0.14342032
 0.14256172 0.14170311 0.14084451 0.13998591 0.1391273  0.1382687
 0.13741009 0.13655149 0.13569288 0.13483428 0.13397568 0.13311707
 0.13225847 0.13139986 0.13054126 0.12968266 0.12882405 0.12796545
 0.12710684 0.12624824 0.12538963 0.12453103 0.12367243 0.12281382
 0.12195522 0.12109661 0.12023801 0.1193794  0.1185208  0.1176622
 0.11680359 0.11594499 0.11508638 0.11422778 0.11336917 0.11251057
 0.11165197 0.11079336 0.10993476 0.10907615 0.10821755 0.10735895
 0.10650034 0.10564174 0.10478313 0.10392453 0.10306592 0.10220732
 0.10134872 0.10049011 0.09963151 0.0987729  0.0979143  0.09705569
 0.09619709 0.09533849 0.09447988 0.09362128 0.09276267 0.09190407
 0.09104546 0.09018686 0.08932826 0.08846965 0.08761105 0.08675244
 0.08589384 0.08503524 0.08417663 0.08331803 0.08245942 0.08160082
 0.08074221 0.07988361 0.07902501 0.0781664  0.0773078  0.07644919
 0.07559059 0.07473198 0.07387338 0.07301478 0.07215617 0.07129757
 0.07043896 0.06958036 0.06872175 0.06786315 0.06700455 0.06614594
 0.06528734 0.06442873 0.06357013 0.06271153 0.06185292 0.06099432
 0.06013571 0.05927711 0.0584185  0.0575599  0.0567013  0.05584269
 0.05498409]