[1.61156060e+00 1.77626011e+00 2.10131109e+00 2.39884271e+00
 2.63002462e+00 2.75908856e+00 2.76397096e+00 2.64380796e+00
 2.41924187e+00 2.12536530e+00 1.80113509e+00 1.48017478e+00
 1.18587141e+00 9.30808768e-01 7.18883349e-01 5.48285134e-01
 4.14174008e-01 3.10598199e-01 2.31654016e-01 1.72070436e-01
 1.27424503e-01 9.41502312e-02 6.94490842e-02 5.11655717e-02
 3.76613339e-02 2.77028138e-02 2.03675569e-02 1.49691546e-02
 1.09986761e-02 8.07976825e-03 5.93465134e-03 4.35858816e-03
 3.20083223e-03 2.35047345e-03 1.72595591e-03 1.26733304e-03
 9.30555029e-04 6.83260323e-04 5.01678031e-04 3.68349515e-04
 2.70453301e-04 1.98574002e-04 1.45797797e-04 1.07047964e-04
 7.85968318e-05 5.77073408e-05 4.23698221e-05 3.11087021e-05
 2.28405682e-05 1.67699489e-05 1.23127893e-05 9.04026290e-06
 6.63751634e-06 4.87337796e-06 3.57811710e-06 2.62711435e-06
 1.92887188e-06 1.41621038e-06 1.03980561e-06 7.63442841e-07
 5.60532627e-07 4.11552506e-07 3.02168800e-07 2.21857427e-07
 1.62891460e-07 1.19597658e-07 8.78106263e-08 6.44720330e-08
 4.73364565e-08 3.47552245e-08 2.55178634e-08 1.87356548e-08
 1.37560292e-08 1.00999173e-08 7.41552952e-09 5.44459056e-09
 3.99752764e-09 2.93504598e-09 2.15495533e-09 1.58220814e-09
 1.16168053e-09 8.52935500e-10 6.26229735e-10 4.59792204e-10
 3.37585959e-10 2.47858623e-10 1.81984205e-10 1.33624667e-10
 9.80975301e-11 7.20348226e-11 5.28785904e-11 3.88311605e-11
 2.85140800e-11 2.09254836e-11 1.53690394e-11 1.12834186e-11
 8.28492830e-12 6.08224582e-12 4.46220838e-12 3.28270744e-12
 2.40163445e-12 1.77635684e-12 1.29318778e-12 9.52127266e-13
 7.03437308e-13 5.18696197e-13 3.69482223e-13 2.77111667e-13
 2.06057393e-13 1.49213975e-13 1.06581410e-13 8.52651283e-14
 5.68434189e-14 4.26325641e-14 2.84217094e-14 2.84217094e-14
 1.42108547e-14 1.42108547e-14 7.10542736e-15 7.10542736e-15
 1.42108547e-14 0.00000000e+00 0.00000000e+00 0.00000000e+00
 0.00000000e+00 7.10542736e-15 0.00000000e+00 0.00000000e+00
 0.00000000e+00 0.00000000e+00 0.00000000e+00 0.00000000e+00
 0.00000000e+00 0.00000000e+00 0.00000000e+00 0.00000000e+00
 0.00000000e+00 0.00000000e+00 0.00000000e+00 0.00000000e+00
 0.00000000e+00]