[8.00060555e-15 2.09052873e-14 5.46247449e-14 1.42732444e-13
 3.72954615e-13 9.74516657e-13 2.54637609e-12 6.65358685e-12
 1.73855771e-11 4.54278720e-11 1.18701355e-10 3.10162263e-10
 8.10442557e-10 2.11765652e-09 5.53335840e-09 1.44584615e-08
 3.77794268e-08 9.87162491e-08 2.57941919e-07 6.73992720e-07
 1.76111811e-06 4.60173653e-06 1.20241669e-05 3.14186979e-05
 8.20958524e-05 2.14513116e-04 5.60512684e-04 1.46458410e-03
 3.82680268e-03 9.99860086e-03 2.61212421e-02 6.82215463e-02
 1.78040258e-01 4.63716376e-01 1.20157573e+00 3.07275954e+00
 7.60547258e+00 1.74654618e+01 3.46643219e+01 5.56289506e+01
 7.23823962e+01 8.18118419e+01 8.61047026e+01 8.78692539e+01
 8.85638472e+01 8.88325875e+01 8.89358683e+01 8.89754582e+01
 8.89906189e+01 8.89964224e+01 8.89986436e+01 8.89994937e+01
 8.89998191e+01 8.89999436e+01 8.89999912e+01 8.90000095e+01
 8.90000164e+01 8.90000191e+01 8.90000201e+01 8.90000205e+01
 8.90000207e+01 8.90000207e+01 8.90000208e+01 8.90000208e+01
 8.90000208e+01 8.90000208e+01 8.90000208e+01 8.90000208e+01
 8.90000208e+01 8.90000208e+01 8.90000208e+01 8.90000208e+01
 8.90000208e+01 8.90000208e+01 8.90000208e+01 8.90000208e+01
 8.90000208e+01 8.90000208e+01 8.90000208e+01 8.90000208e+01
 8.90000208e+01 8.90000208e+01 8.90000208e+01 8.90000208e+01
 8.90000208e+01 8.90000208e+01 8.90000208e+01 8.90000208e+01
 8.90000208e+01 8.90000208e+01 8.90000208e+01 8.90000208e+01
 8.90000208e+01 8.90000208e+01 8.90000208e+01 8.90000208e+01
 8.90000208e+01 8.90000208e+01 8.90000208e+01 8.90000208e+01
 8.90000208e+01 8.90000208e+01 8.90000208e+01 8.90000208e+01
 8.90000208e+01 8.90000208e+01 8.90000208e+01 8.90000208e+01
 8.90000208e+01 8.90000208e+01 8.90000208e+01 8.90000208e+01
 8.90000208e+01 8.90000208e+01 8.90000208e+01 8.90000208e+01
 8.90000208e+01 8.90000208e+01 8.90000208e+01 8.90000208e+01
 8.90000208e+01 8.90000208e+01 8.90000208e+01 8.90000208e+01
 8.90000208e+01 8.90000208e+01 8.90000208e+01 8.90000208e+01
 8.90000208e+01 8.90000208e+01 8.90000208e+01 8.90000208e+01
 8.90000208e+01 8.90000208e+01 8.90000208e+01 8.90000208e+01
 8.90000208e+01 8.90000208e+01 8.90000208e+01 8.90000208e+01
 8.90000208e+01]