[1.29046818e-14 2.33120697e-14 6.09135786e-14 1.59164935e-13
 4.15892106e-13 1.08671074e-12 2.83953510e-12 7.41960051e-12
 1.93871426e-11 5.06578887e-11 1.32367195e-10 3.45870601e-10
 9.03747128e-10 2.36145792e-09 6.17040249e-09 1.61230342e-08
 4.21288938e-08 1.10081246e-07 2.87638236e-07 7.51588094e-07
 1.96387190e-06 5.13152439e-06 1.34084807e-05 3.50358427e-05
 9.15472091e-05 2.39208416e-04 6.25035492e-04 1.63314500e-03
 4.26700838e-03 1.11472197e-02 2.91114727e-02 7.59595078e-02
 1.97747415e-01 5.11767738e-01 1.30452158e+00 3.20194842e+00
 7.19635113e+00 1.35294247e+01 1.90817444e+01 1.88590372e+01
 1.30914457e+01 6.86115319e+00 3.02870599e+00 1.22957230e+00
 4.81666780e-01 1.86010554e-01 7.14353910e-02 2.73752930e-02
 1.04820711e-02 4.01234853e-03 1.53566978e-03 5.87728815e-04
 2.24930557e-04 8.60829213e-05 3.29446131e-05 1.26081509e-05
 4.82523221e-06 1.84665163e-06 7.06727036e-07 2.70469599e-07
 1.03510672e-07 3.96142781e-08 1.51606656e-08 5.80212145e-09
 2.22050289e-09 8.49809112e-10 3.25229621e-10 1.24458666e-10
 4.76347850e-11 1.82183157e-11 6.99174052e-12 2.67164069e-12
 1.02318154e-12 3.69482223e-13 1.56319402e-13 7.10542736e-14
 2.84217094e-14 0.00000000e+00 0.00000000e+00 0.00000000e+00
 0.00000000e+00 0.00000000e+00 0.00000000e+00 0.00000000e+00
 0.00000000e+00 0.00000000e+00 0.00000000e+00 0.00000000e+00
 0.00000000e+00 0.00000000e+00 0.00000000e+00 0.00000000e+00
 0.00000000e+00 0.00000000e+00 0.00000000e+00 0.00000000e+00
 0.00000000e+00 0.00000000e+00 0.00000000e+00 0.00000000e+00
 0.00000000e+00 0.00000000e+00 0.00000000e+00 0.00000000e+00
 0.00000000e+00 0.00000000e+00 0.00000000e+00 0.00000000e+00
 0.00000000e+00 0.00000000e+00 0.00000000e+00 0.00000000e+00
 0.00000000e+00 0.00000000e+00 0.00000000e+00 0.00000000e+00
 0.00000000e+00 0.00000000e+00 0.00000000e+00 0.00000000e+00
 0.00000000e+00 0.00000000e+00 0.00000000e+00 0.00000000e+00
 0.00000000e+00 0.00000000e+00 0.00000000e+00 0.00000000e+00
 0.00000000e+00 0.00000000e+00 0.00000000e+00 0.00000000e+00
 0.00000000e+00 0.00000000e+00 0.00000000e+00 0.00000000e+00
 0.00000000e+00 0.00000000e+00 0.00000000e+00 0.00000000e+00
 0.00000000e+00]