[-2.00000000e-02 -1.64700587e-02 -1.20576871e-02 -7.50742411e-03
 -3.17954710e-03 -7.86762330e-19  7.95685831e-04  4.58043361e-04
  5.11753693e-18 -1.94085550e-04 -2.51428252e-04 -2.83442501e-04
 -3.11266003e-04 -3.38539822e-04 -3.65350922e-04 -3.90598042e-04
 -4.12015853e-04 -4.24755691e-04 -4.16020297e-04 -3.40339427e-04
  9.55413768e-18  8.79229174e-04  2.02247454e-03  3.23118208e-03
  4.45851760e-03  5.68907322e-03  6.91214733e-03  8.10949960e-03
  9.22246578e-03  1.00000000e-02  1.00942699e-02  9.85251336e-03
  9.52501829e-03  9.16926548e-03  8.80130944e-03  8.42708839e-03
  8.04925983e-03  7.66917870e-03  7.28760386e-03  6.90499140e-03
  6.52163098e-03  6.13771488e-03  5.75337545e-03  5.36870659e-03
  4.98377666e-03  4.59863653e-03  4.21332482e-03  3.82787132e-03
  3.44229939e-03  3.05662755e-03  2.67087071e-03  2.28504095e-03
  1.89914822e-03  1.51320073e-03  1.12720534e-03  7.41167813e-04
  3.55093038e-04 -3.10148223e-05 -4.17152199e-04 -8.03316015e-04
 -1.18950360e-03 -1.57571264e-03 -1.96194110e-03 -2.34818719e-03
 -2.73444934e-03 -3.12072616e-03 -3.50701641e-03 -3.89331898e-03
 -4.27963290e-03 -4.66595727e-03 -5.05229130e-03 -5.43863427e-03
 -5.82498554e-03 -6.21134451e-03 -6.59771065e-03 -6.98408348e-03
 -7.37046255e-03 -7.75684746e-03 -8.14323783e-03 -8.52963332e-03
 -8.91603363e-03 -9.30243845e-03 -9.68884754e-03 -1.00752606e-02
 -1.04616775e-02 -1.08480980e-02 -1.12345218e-02 -1.16209488e-02
 -1.20073788e-02 -1.23938117e-02 -1.27802474e-02 -1.31666856e-02
 -1.35531263e-02 -1.39395693e-02 -1.43260145e-02 -1.47124619e-02
 -1.50989113e-02 -1.54853626e-02 -1.58718157e-02 -1.62582706e-02
 -1.66447272e-02 -1.70311854e-02 -1.74176451e-02 -1.78041063e-02
 -1.81905689e-02 -1.85770329e-02 -1.89634982e-02 -1.93499647e-02
 -1.97364324e-02 -2.01229013e-02 -2.05093712e-02 -2.08958423e-02
 -2.12823143e-02 -2.16687874e-02 -2.20552614e-02 -2.24417363e-02
 -2.28282121e-02 -2.32146887e-02 -2.36011662e-02 -2.39876444e-02
 -2.43741235e-02 -2.47606032e-02 -2.51470837e-02 -2.55335649e-02
 -2.59200467e-02 -2.63065292e-02 -2.66930123e-02 -2.70794960e-02
 -2.74659803e-02 -2.78524651e-02 -2.82389505e-02 -2.86254365e-02
 -2.90119229e-02 -2.93984099e-02 -2.97848973e-02 -3.01713852e-02
 -3.05578736e-02 -3.09443624e-02 -3.13308517e-02 -3.17173413e-02]