[-6.12834934e-01 -5.32630199e-01 -4.46435364e-01 -3.53811509e-01
 -2.54288882e-01 -1.47364948e-01 -3.25023395e-02  9.08732688e-02
  2.23375379e-01  3.65658964e-01  5.18422832e-01  6.82412054e-01
  8.58420447e-01  1.04729308e+00  1.24992881e+00  1.46728280e+00
  1.70036898e+00  1.95026251e+00  2.21810201e+00  2.50509176e+00
  2.81250355e+00  3.14167840e+00  3.49402775e+00  3.87103431e+00
  4.27425231e+00  4.70530715e+00  5.16589409e+00  5.65777619e+00
  6.18278095e+00  6.74279577e+00  7.33976187e+00  7.97566641e+00
  8.65253277e+00  9.37240843e+00  1.01373505e+01  1.09494084e+01
  1.18106032e+01  1.27229042e+01  1.36882012e+01  1.47082727e+01
  1.57847512e+01  1.69190822e+01  1.81124805e+01  1.93658811e+01
  2.06798857e+01  2.20547058e+01  2.34901016e+01  2.49853187e+01
  2.65390220e+01  2.81492304e+01  2.98132519e+01  3.15276226e+01
  3.32880511e+01  3.50893724e+01  3.69255141e+01  3.87894780e+01
  4.06733431e+01  4.25682916e+01  4.44646641e+01  4.63520470e+01
  4.82193942e+01  5.00551877e+01  5.18476350e+01  5.35849040e+01
  5.52553906e+01  5.68480135e+01  5.83525267e+01  5.97598369e+01
  6.10623121e+01  6.22540622e+01  6.33311743e+01  6.42918838e+01
  6.51366642e+01  6.58682211e+01  6.64913844e+01  6.70128962e+01
  6.74411022e+01  6.77855650e+01  6.80566216e+01  6.82649183e+01
  6.84209570e+01  6.85346864e+01  6.86151698e+01  6.86703477e+01
  6.87069082e+01  6.87302606e+01  6.87445998e+01  6.87530389e+01
  6.87577843e+01  6.87603250e+01  6.87616154e+01  6.87622348e+01
  6.87625145e+01  6.87626328e+01  6.87626794e+01  6.87626965e+01
  6.87627022e+01  6.87627040e+01  6.87627045e+01  6.87627046e+01
  6.87627047e+01  6.87627047e+01  6.87627047e+01  6.87627047e+01
  6.87627047e+01  6.87627047e+01  6.87627047e+01  6.87627047e+01
  6.87627047e+01  6.87627047e+01  6.87627047e+01  6.87627047e+01
  6.87627047e+01  6.87627047e+01  6.87627047e+01  6.87627047e+01
  6.87627047e+01  6.87627047e+01  6.87627047e+01  6.87627047e+01
  6.87627047e+01  6.87627047e+01  6.87627047e+01  6.87627047e+01
  6.87627047e+01  6.87627047e+01  6.87627047e+01  6.87627047e+01
  6.87627047e+01  6.87627047e+01  6.87627047e+01  6.87627047e+01
  6.87627047e+01  6.87627047e+01  6.87627047e+01  6.87627047e+01
  6.87627047e+01  6.87627047e+01  6.87627047e+01  6.87627047e+01
  6.87627047e+01]