[8.02047346e-02 8.31997848e-02 8.94093450e-02 9.60732409e-02
 1.03223281e-01 1.10893271e-01 1.19119108e-01 1.27938859e-01
 1.37392848e-01 1.47523726e-01 1.58376545e-01 1.69998808e-01
 1.82440514e-01 1.95754183e-01 2.09994859e-01 2.25220086e-01
 2.41489856e-01 2.58866514e-01 2.77414622e-01 2.97200771e-01
 3.18293324e-01 3.40762098e-01 3.64677951e-01 3.90112282e-01
 4.17136422e-01 4.45820890e-01 4.76234520e-01 5.08443426e-01
 5.42509791e-01 5.78490460e-01 6.16435321e-01 6.56385450e-01
 6.98371009e-01 7.42408873e-01 7.88499973e-01 8.36626356e-01
 8.86747935e-01 9.38798968e-01 9.92684238e-01 1.04827500e+00
 1.10540473e+00 1.16386467e+00 1.22339944e+00 1.28370257e+00
 1.34441235e+00 1.40510798e+00 1.46530645e+00 1.52446017e+00
 1.58195586e+00 1.63711500e+00 1.68919613e+00 1.73739959e+00
 1.78087490e+00 1.81873146e+00 1.85005277e+00 1.87391450e+00
 1.88940679e+00 1.89566055e+00 1.89187771e+00 1.87736502e+00
 1.85157036e+00 1.81412043e+00 1.76485817e+00 1.70387779e+00
 1.63155473e+00 1.54856802e+00 1.45591170e+00 1.35489275e+00
 1.24711264e+00 1.13443106e+00 1.01891081e+00 9.02744957e-01
 7.88168642e-01 6.77360138e-01 5.72337532e-01 4.74858861e-01
 3.86334403e-01 3.07759708e-01 2.39676692e-01 1.82167706e-01
 1.34884047e-01 9.71063958e-02 6.78306350e-02 4.58692292e-02
 2.99564651e-02 1.88457615e-02 1.13891251e-02 6.59224886e-03
 3.64303885e-03 1.91558907e-03 9.54914693e-04 4.49523411e-04
 1.98996675e-04 8.24698170e-05 3.18427146e-05 1.13959626e-05
 3.75938228e-06 1.13640074e-06 3.12776365e-07 7.78502027e-08
 1.73950809e-08 3.46192053e-09 6.08494588e-10 9.36069000e-11
 1.24771304e-11 1.42108547e-12 1.42108547e-13 1.42108547e-14
 0.00000000e+00 0.00000000e+00 0.00000000e+00 0.00000000e+00
 0.00000000e+00 0.00000000e+00 0.00000000e+00 0.00000000e+00
 0.00000000e+00 0.00000000e+00 0.00000000e+00 0.00000000e+00
 0.00000000e+00 0.00000000e+00 0.00000000e+00 0.00000000e+00
 0.00000000e+00 0.00000000e+00 0.00000000e+00 0.00000000e+00
 0.00000000e+00 0.00000000e+00 0.00000000e+00 0.00000000e+00
 0.00000000e+00 0.00000000e+00 0.00000000e+00 0.00000000e+00
 0.00000000e+00 0.00000000e+00 0.00000000e+00 0.00000000e+00
 0.00000000e+00]