[0.54349525 0.53621304 0.52893083 0.52164863 0.51436642 0.50708421
 0.49980201 0.4925198  0.48523759 0.47795539 0.47067318 0.46339097
 0.45610876 0.44882656 0.44154435 0.43426214 0.42697994 0.41969773
 0.41241552 0.40513332 0.39785111 0.3905689  0.38328669 0.37600449
 0.36872228 0.36144007 0.35415787 0.34687566 0.33959345 0.33231125
 0.32502904 0.31774683 0.31046463 0.30318242 0.29590021 0.288618
 0.2813358  0.27405359 0.26677138 0.25948918 0.25220697 0.24492476
 0.23764256 0.23036035 0.22307814 0.21579593 0.20851373 0.20123152
 0.19394931 0.18666711 0.1793849  0.17210269 0.16482049 0.15753828
 0.15025607 0.14297386 0.13569166 0.12840945 0.12112724 0.11384504
 0.10656283 0.09928062 0.09199842 0.08471621 0.077434   0.0701518
 0.06286959 0.05558738 0.04830517]